64,263,378,135,107,191,209,177,163,289
268,293,11,112,63,434,423,95,174,24
40,257,258,282,89,425,254,161,460,164
322,222,99,334,72,275,127,108,345,212
441,132,150,84,377,320,180,255,278,337
406,35,90,273,353,328,287,34,438,111
31,366,218,200,62,97,185,272,58,43
461,383,267,347,178,310,443,387,119,458
60,103,29,259,309,157,291,202,422,253
116,256,294,380,145,346,162,342,391,306
297,134,59,117,61,188,156,242,147,445
385,219,476,210,169,446,65,77,100,113
370,195,404,239,376,9,138,408,15,412
144,78,149,120,109,280,93,321,299,400
206,264,348,37,240,374,199,5,313,311
203,196,21,226,421,405,288,407,389,159
73,241,442,104,14,42,450,433,327,301
148,8,227,435,121,369,68,363,281,213
153,98,233,83,81,54,154,361,129,468
181,48,304,45,367,402,350,469,324,155
269,10,142,454,76,28,214,136,479,330
471,198,261,165,262,326,236,429,246,352
167,305,285,351,436,66,92,427,465,451
447,308,418,216,379,341,444,411,32,439
25,182,183,424,204,354,409,416,373,244
201,122,151,205,277,266,46,114,173,431
356,314,88,362,339,33,265,71,302,2
457,318,355,211,207,467,96,398,220,118
232,399,452,459,249,480,368,449,472,105
52,87,243,410,141,477,223,160,168,47
49,166,111,146,127,237,144,416,350,397
261,190,325,246,419,372,243,236,354,336
215,52,86,265,370,305,256,433,260,172
381,349,302,402,47,60,450,352,238,110
89,285,298,155,206,29,36,124,181,344
227,187,230,216,451,255,367,214,405,322
30,19,342,126,244,9,287,101,141,13
168,94,388,281,232,1,85,395,328,148
149,42,371,455,48,88,143,288,103,11
191,129,169,387,459,346,217,83,150,201
466,162,456,41,373,112,361,343,235,426
105,45,403,253,434,369,436,389,72,115
477,394,122,184,224,80,138,67,97,56
273,202,263,304,3,113,198,174,331,24
121,12,319,257,63,291,92,422,345,242
276,335,125,309,378,66,123,264,294,359
401,90,93,334,177,303,130,17,476,380
134,154,379,329,153,106,411,410,356,28
39,468,152,31,296,241,390,385,165,391
192,406,23,259,228,167,116,314,267,429
407,358,323,442,157,470,418,475,430,197
218,248,119,219,117,186,50,431,142,292
99,315,268,479,196,76,57,185,353,326
474,480,203,277,199,73,156,348,209,374
14,300,427,5,163,43,147,293,40,70
414,443,84,269,289,71,297,310,250,205
377,225,393,339,221,10,55,102,283,182
320,46,284,398,438,95,447,7,355,478
20,463,21,159,279,399,22,139,424,239
58,176,170,421,100,208,212,183,444,15
339,189,360,135,418,221,332,70,303,361
239,385,268,462,19,16,425,337,300,121
222,349,13,84,464,129,175,133,94,113
147,407,75,314,237,193,470,440,26,81
128,9,295,126,166,306,463,251,194,111
358,415,309,224,202,212,225,48,317,293
283,35,32,66,310,205,6,217,288,304
2,119,117,392,218,62,114,472,247,445
91,416,33,186,335,27,365,10,65,346
235,449,252,432,255,338,213,77,228,279
57,388,246,185,18,434,132,287,271,478
53,350,413,232,366,429,107,438,354,164
477,40,220,209,17,264,200,120,437,299
93,112,325,320,356,275,137,139,169,435
459,83,467,278,30,454,311,238,294,174
414,195,98,51,284,73,206,101,315,400
313,406,267,140,427,270,455,29,274,159
92,343,8,367,328,1,54,99,177,31
173,243,469,398,345,249,405,355,123,412
286,55,281,153,150,421,410,227,290,393
36,148,364,269,408,331,167,347,109,149
25,379,67,473,363,466,369,460,387,443
116,262,22,312,172,69,439,371,362,316
386,436,302,105,155,334,298,348,104,86
233,76,333,80,158,380,178,7,214,14
375,456,341,297,260,145,256,457,58,292
59,428,441,196,61,23,106,394,37,409
161,468,110,324,100,171,236,417,38,90
352,157,422,442,307,318,266,151,211,187
261,383,88,231,474,401,244,78,336,446
158,81,380,14,332,101,57,284,361,451
223,294,40,147,3,225,8,307,183,113
33,220,411,297,171,316,88,311,384,99
301,125,173,251,263,239,352,454,65,232
31,132,379,480,469,370,170,281,78,206
186,320,450,34,262,348,136,13,62,404
274,91,322,198,401,443,126,11,367,94
16,304,328,366,9,15,378,236,437,1
37,303,427,381,253,265,248,164,215,98
172,257,181,310,375,449,123,117,460,342
28,115,229,160,250,154,84,203,444,38
260,184,466,169,23,317,52,285,61,336
191,35,127,292,68,166,175,209,135,79
267,90,139,168,435,390,394,193,83,64
100,315,222,204,313,112,353,452,109,326
107,258,150,217,156,106,414,230,143,119
419,199,39,254,82,116,161,448,69,152
364,196,442,18,291,302,259,256,268,421
473,235,208,87,49,177,330,238,6,308
288,231,67,247,362,471,145,383,182,216
29,474,306,398,270,32,30,470,46,10
60,137,436,417,120,447,319,73,241,280
36,407,440,26,228,249,287,418,467,441
345,309,409,395,56,226,96,324,224,211
80,463,50,17,477,2,333,252,391,128
178,131,246,242,286,327,201,377,244,376
210,426,104,151,314,279,44,331,75,373
438,406,374,218,95,464,465,129,387,372
138,43,41,102,392,422,200,76,410,338
275,412,350,431,335,397,165,45,343,219
387,199,66,436,468,379,479,458,74,373
198,209,366,135,25,317,40,464,337,130
80,26,435,75,99,423,51,104,374,223
257,225,419,268,450,406,345,477,152,360
413,227,207,329,336,183,351,286,69,123
381,205,129,284,311,412,364,93,110,176
142,308,294,362,9,409,103,475,188,243
170,273,184,179,405,239,443,167,428,43
134,204,291,441,431,48,42,21,407,119
203,139,39,266,32,189,307,216,361,339
397,84,416,177,181,149,375,384,22,30
150,319,451,60,279,44,79,370,334,13
394,338,323,352,194,440,156,169,285,112
61,367,8,11,303,12,275,391,289,232
256,208,332,91,348,36,230,52,442,371
168,396,470,314,2,50,73,24,132,113
164,340,255,305,220,78,82,433,178,421
386,418,271,118,202,399,369,85,185,410
19,310,312,320,224,460,426,182,35,95
245,71,153,265,57,233,454,111,86,417
429,197,165,28,133,193,248,253,115,259
97,140,242,47,453,400,53,277,141,174
347,116,264,251,276,107,106,402,378,54
349,46,15,20,228,290,299,41,424,151
124,452,101,422,353,217,343,304,393,262
438,301,359,87,462,17,127,160,238,297
389,315,385,295,434,241,306,480,37,382
159,81,34,89,70,355,219,330,58,23
45,5,210,318,128,473,158,77,190,201
316,187,235,240,231,403,117,457,166,6
403,44,269,130,425,478,375,188,9,299
287,20,442,242,384,416,176,82,313,449
470,146,204,318,206,61,12,125,334,345
158,208,10,128,349,97,139,100,187,394
367,2,215,200,185,96,433,232,233,217
201,68,45,415,175,477,380,240,157,71
58,305,336,284,227,296,135,145,239,193
38,62,66,106,462,177,113,324,160,60
374,382,331,35,378,347,48,411,370,150
21,252,401,310,161,307,129,63,1,14
320,243,59,170,437,80,297,102,153,74
248,262,207,406,357,110,337,149,410,469
398,138,56,285,319,196,218,52,427,5
281,436,171,260,92,236,183,111,116,46
103,311,225,288,323,351,346,315,459,117
306,182,81,316,22,264,244,4,11,245
29,89,115,392,202,447,238,98,28,400
167,37,450,455,108,377,467,198,237,147
426,70,353,231,7,339,258,390,16,421
8,476,30,453,292,395,263,87,328,119
314,366,95,283,458,154,241,330,190,256
31,168,365,132,221,131,329,435,274,223
255,148,105,454,434,229,79,192,468,440
344,209,156,356,271,205,460,408,107,76
302,393,419,109,26,121,101,423,25,24
270,332,247,216,279,186,222,184,309,57
219,277,322,471,461,235,429,452,253,19
169,142,203,472,155,360,389,162,265,251
246,312,164,67,88,65,304,250,213,257
120,333,126,444,293,404,259,133,451,363
177,315,242,348,358,405,146,432,194,339
232,118,123,161,458,312,178,180,235,78
220,206,64,299,37,42,86,345,215,384
74,89,9,130,68,71,254,332,84,256
249,90,128,62,186,295,310,363,171,23
141,170,103,228,139,126,468,97,418,53
438,380,120,213,20,341,303,370,278,383
477,208,434,379,342,201,109,442,479,155
219,124,329,21,230,50,200,266,229,401
291,252,268,297,275,197,143,305,148,24
98,351,19,374,289,48,17,456,46,93
169,354,225,269,367,193,22,226,336,320
472,308,135,195,372,142,413,253,57,27
192,147,436,292,321,51,300,138,399,393
202,117,385,159,425,247,65,470,214,395
196,70,227,116,426,209,2,182,56,157
107,127,183,190,471,419,212,121,224,327
39,302,10,313,333,16,378,433,365,77
26,337,79,154,85,391,397,294,360,174
28,443,271,350,239,437,307,191,251,424
277,111,29,6,362,211,316,296,454,246
309,73,319,287,284,430,357,466,314,282
460,478,144,451,259,361,88,364,261,330
382,248,94,199,210,33,286,47,153,108
467,274,14,129,293,122,255,30,371,394
245,179,125,421,409,411,461,304,72,373
356,368,283,43,185,34,41,453,100,198
270,381,188,223,389,104,175,262,455,15
243,298,301,457,134,264,464,375,5,114
112,99,12,340,189,335,338,324,58,216
135,29,338,160,71,445,8,406,295,19
203,419,376,264,285,257,351,456,283,472
5,394,130,278,191,166,359,84,227,267
248,48,149,192,315,89,286,51,86,239
201,246,398,114,181,189,277,329,290,243
137,244,332,429,466,111,18,186,117,247
182,7,107,414,109,40,312,326,60,183
378,212,194,145,356,316,162,190,36,336
52,232,374,377,158,231,266,347,308,206
228,350,151,371,342,318,348,80,146,21
47,373,1,391,302,259,119,463,153,317
215,442,407,234,184,297,142,334,188,428
330,226,31,299,384,118,28,147,327,304
103,97,345,443,105,363,335,477,328,305
455,365,223,480,9,221,474,213,470,138
382,438,132,251,204,437,415,141,12,93
49,32,242,17,64,43,397,219,413,366
209,387,72,358,143,79,33,169,293,197
392,262,207,469,341,152,205,427,340,13
218,381,27,220,393,2,421,400,314,253
276,434,268,116,307,289,405,323,126,360
385,41,14,368,343,473,62,229,3,157
458,136,260,403,133,370,34,85,256,102
193,411,45,167,451,23,240,91,67,101
361,467,306,210,208,333,100,99,15,87
422,386,22,310,272,150,76,230,380,454
195,322,271,196,69,261,53,439,20,325
478,450,88,396,388,66,475,446,367,176
58,164,399,379,113,245,254,108,74,123
159,423,425,81,440,217,120,390,409,364
360,186,154,273,151,165,336,325,128,281
122,473,72,45,156,148,303,1,173,220
208,27,74,397,185,403,240,102,88,198
92,447,16,392,320,423,114,195,17,374
475,59,194,329,371,142,330,304,210,23
355,284,243,187,33,108,227,193,305,461
207,266,347,268,333,244,278,215,124,213
200,119,54,31,269,36,21,171,443,241
426,366,289,372,410,125,337,311,96,394
141,189,430,214,130,362,112,407,359,449
248,411,2,238,343,275,462,149,10,100
19,274,310,40,146,225,416,83,350,356
48,197,49,133,223,242,120,346,451,7
434,285,20,190,51,465,121,260,406,457
287,433,47,376,30,52,445,103,292,379
364,64,313,97,402,221,322,367,348,309
464,24,414,203,110,306,393,168,255,75
79,32,267,380,318,22,12,39,28,3
86,155,43,327,469,477,26,219,307,188
118,405,93,180,435,153,283,321,264,293
140,298,196,384,136,299,235,257,425,387
470,456,71,441,390,217,467,365,446,147
5,163,442,41,259,378,206,167,137,94
373,339,302,73,65,417,363,109,328,276
429,454,280,448,184,277,209,301,162,192
212,413,296,358,312,150,234,399,89,231
106,468,205,57,466,422,246,340,368,144
439,428,334,166,286,254,479,332,253,295
85,138,116,455,161,396,179,421,80,354
370,342,245,272,14,38,377,424,91,8
460,382,84,254,60,232,125,1,265,91
87,302,470,186,237,276,449,117,51,136
305,220,262,195,317,39,22,298,334,9
290,2,144,320,86,278,133,216,56,218
68,61,7,475,458,173,49,98,73,129
95,190,221,157,372,203,467,358,433,359
429,29,270,156,185,165,405,122,253,131
287,267,283,6,207,235,120,160,74,35
100,40,303,380,211,368,454,123,325,137
10,151,31,448,282,36,132,58,376,377
349,450,434,153,335,476,92,395,438,23
149,241,416,388,427,166,383,181,480,289
124,443,387,63,348,277,19,422,361,246
55,103,229,46,318,106,236,3,30,316
275,307,397,345,32,440,374,344,76,109
79,418,363,312,390,231,399,227,154,386
13,52,389,477,406,111,432,263,212,309
155,196,296,169,249,89,209,461,255,134
214,208,465,116,321,269,292,239,400,286
65,205,167,410,293,139,16,423,201,288
403,284,455,225,142,5,14,367,11,462
110,198,118,444,224,248,259,428,271,415
233,328,260,354,230,268,179,43,294,57
408,80,252,34,365,310,75,308,210,473
20,426,300,264,339,115,401,420,466,364
146,152,53,197,64,471,67,21,222,356
168,304,228,159,164,127,77,441,41,333
437,353,114,323,414,301,385,15,409,223
97,187,69,331,392,90,373,128,177,27
384,391,158,83,243,412,25,200,341,141
29,59,112,114,450,453,255,301,57,439
475,196,375,374,263,299,115,212,146,298
290,381,282,4,131,58,73,143,435,41
307,246,136,45,206,71,86,266,296,162
225,26,422,185,124,291,181,357,153,242
354,48,452,264,235,337,265,217,105,312
459,119,40,90,2,12,369,98,118,370
262,385,121,141,250,182,129,11,80,77
271,368,216,99,443,189,167,194,202,56
120,152,394,352,54,253,100,237,402,297
455,74,470,378,69,321,241,200,305,437
22,386,335,76,324,372,207,156,224,222
373,432,88,256,480,79,204,343,184,356
397,214,429,35,168,310,15,325,38,227
190,154,438,247,213,31,371,410,66,155
195,446,304,441,280,313,8,78,412,21
339,407,400,161,36,49,340,328,383,47
333,14,461,51,210,157,147,220,67,362
169,75,457,327,16,87,187,130,285,46
32,148,460,471,164,221,363,344,6,28
286,93,474,398,408,303,267,199,272,414
248,176,163,319,317,448,281,346,311,462
316,318,151,295,336,393,434,110,330,269
465,382,353,201,205,419,192,430,275,284
403,84,433,292,180,334,125,174,137,466
358,326,44,347,341,366,396,416,257,260
364,306,251,24,349,469,380,183,320,7
409,145,276,420,62,186,34,315,171,273
413,103,236,232,13,449,278,436,172,83
240,37,406,308,345,279,123,289,294,350
442,188,41,190,62,299,377,48,389,50
309,51,12,279,330,402,166,320,278,204
409,121,28,89,361,233,211,107,466,159
346,97,323,404,232,291,126,418,68,147
186,310,396,301,108,245,450,81,317,11
435,167,175,212,171,95,473,432,230,202
426,221,365,49,379,427,451,105,53,370
165,237,465,351,162,438,138,410,59,265
468,369,264,15,6,436,464,61,318,93
79,338,312,158,354,56,462,477,390,439
431,179,300,378,321,151,16,218,414,185
128,385,178,368,47,111,225,192,10,303
276,217,255,240,148,73,110,160,141,27
244,476,164,100,194,288,324,392,67,58
250,63,272,168,239,65,174,31,333,216
282,405,375,269,296,263,455,183,372,102
82,316,472,456,254,155,446,34,449,122
251,206,306,289,433,423,170,207,30,302
90,69,331,434,352,325,367,327,156,394
298,287,362,80,229,286,382,26,235,359
337,143,127,106,262,88,124,135,44,176
363,37,104,54,45,461,314,29,307,448
453,203,329,144,19,463,17,32,199,274
198,387,340,479,395,349,399,460,332,334
350,227,366,113,443,125,76,189,101,273
149,205,311,222,209,74,66,85,70,75
23,87,381,344,193,430,177,406,86,348
163,454,380,201,374,103,246,471,242,437
364,441,112,270,157,249,2,388,38,353
114,478,292,339,9,336,214,267,371,195
358,127,3,45,161,8,226,152,254,39
116,27,449,273,25,453,19,391,336,383
245,165,46,96,224,349,470,293,153,342
302,444,16,178,451,134,6,266,20,246
321,225,431,290,143,164,296,407,361,212
443,316,42,5,283,472,339,379,445,9
420,352,313,118,92,424,267,103,409,70
389,434,311,211,233,179,465,371,289,301
147,201,370,236,162,206,137,13,62,403
231,183,145,32,365,396,291,151,159,215
10,317,86,101,399,278,194,427,282,124
378,119,477,416,105,433,63,83,170,207
430,309,53,284,78,337,454,423,359,216
109,106,176,382,56,195,257,168,450,393
126,29,229,468,94,66,22,368,244,232
446,285,142,74,95,120,108,259,192,80
50,149,122,250,417,102,350,140,429,322
344,68,252,367,324,464,139,81,381,51
276,320,30,38,221,61,397,480,107,2
253,334,258,47,18,208,469,280,406,57
54,270,261,364,12,23,31,331,274,144
177,422,223,34,304,372,338,332,138,351
315,117,136,148,411,243,36,263,97,307
238,388,325,436,21,196,4,242,41,390
67,17,275,91,130,44,392,82,184,386
181,247,298,330,255,447,328,426,239,432
466,341,471,174,121,72,323,353,200,262
401,167,219,384,354,49,58,419,448,210
269,11,305,277,287,439,452,171,26,190
421,373,360,418,111,182,375,154,209,376
57,101,324,220,367,279,253,133,296,378
34,149,276,295,8,1,47,398,425,6
201,436,270,195,164,198,256,89,477,361
124,58,372,60,54,114,169,266,237,332
428,175,46,137,45,112,170,32,52,362
304,141,441,93,11,212,275,406,31,282
286,35,15,181,393,302,122,154,390,21
63,358,278,351,418,157,146,381,140,199
449,365,258,347,61,2,269,103,366,135
469,335,460,208,166,66,388,55,433,76
236,224,274,444,312,352,400,127,402,159
144,307,416,192,471,117,158,417,429,53
211,37,64,472,121,268,33,202,221,473
196,98,219,440,14,427,461,71,116,118
23,259,267,88,316,59,255,446,182,155
139,210,468,188,128,456,368,248,284,355
412,451,174,291,204,299,69,62,86,109
16,230,320,261,363,215,153,30,160,395
273,246,120,48,25,77,334,125,183,49
39,339,380,40,73,415,297,257,410,226
20,203,438,151,242,405,331,106,249,280
341,383,420,370,424,403,126,42,80,317
100,110,3,5,191,197,91,329,29,156
452,369,238,18,371,345,426,333,65,218
84,357,134,423,94,9,205,161,105,189
281,309,431,131,70,168,475,413,338,129
457,186,305,138,430,344,435,265,44,75
374,399,22,232,328,290,478,300,306,184
385,321,353,298,79,227,180,223,313,459
178,467,214,340,479,254,376,326,342,443
181,208,201,131,179,198,34,88,212,374
51,237,190,403,369,224,39,165,58,159
156,176,103,238,256,362,324,169,248,396
153,98,26,342,50,105,183,278,373,189
92,96,33,312,78,382,116,384,419,313
199,331,202,352,30,67,365,206,247,386
332,477,38,376,380,102,454,3,37,263
218,69,196,86,66,406,320,210,158,259
109,207,213,22,119,9,252,123,76,17
475,175,294,411,36,52,49,106,283,389
32,430,48,229,44,468,246,436,186,288
395,101,43,227,306,385,23,193,60,316
350,251,253,345,353,372,110,235,302,91
214,267,417,75,184,337,249,301,240,188
461,215,170,381,451,178,10,277,344,356
41,236,360,290,423,279,474,120,137,375
393,84,478,348,471,99,343,336,155,168
464,333,95,121,87,243,223,261,187,439
414,285,141,64,452,338,68,298,379,194
431,310,157,402,230,346,480,7,269,270
115,74,463,309,28,204,160,174,272,341
450,144,82,118,114,31,286,53,93,8
297,340,284,329,163,276,266,140,222,217
311,94,142,72,449,5,361,203,351,85
228,29,363,152,364,104,469,4,232,299
429,296,65,59,459,334,130,323,271,24
80,136,18,357,281,145,90,154,325,322
445,366,390,426,392,1,35,54,138,245
444,307,397,358,326,314,25,466,274,148
328,19,127,6,300,409,293,422,150,434
167,258,41,345,199,65,166,431,97,273
73,256,164,79,206,381,162,37,286,131
361,347,25,229,343,416,457,463,185,332
104,111,49,180,357,386,90,310,196,21
394,200,422,451,461,356,234,210,142,281
45,203,75,230,280,57,63,276,414,84
127,28,150,340,217,141,384,91,60,306
378,245,264,40,317,96,337,260,441,405
129,27,231,139,261,36,93,298,235,110
106,284,452,427,193,176,294,19,341,429
209,335,160,379,55,62,4,23,342,266
74,126,426,290,274,181,248,253,395,444
382,11,56,9,122,354,188,293,81,305
242,198,2,398,425,311,412,3,250,119
367,183,174,159,33,353,479,331,155,390
32,148,313,428,59,76,369,161,321,241
456,328,52,312,173,296,228,438,315,138
66,415,301,324,175,117,419,439,277,47
330,92,177,251,376,377,205,333,140,465
352,14,88,132,375,373,406,38,98,202
232,399,238,348,70,30,218,259,364,89
207,191,288,233,121,31,171,407,179,153
54,211,226,454,95,22,371,362,318,476
316,448,169,13,46,329,143,411,85,208
309,239,267,24,326,187,7,272,323,385
6,291,462,449,124,360,423,165,240,107
344,396,346,1,115,325,108,82,71,372
392,130,12,409,100,29,478,446,220,149
10,18,237,442,146,134,292,469,83,285
358,322,275,366,247,133,61,351,374,363
254,297,333,126,335,173,226,389,413,299
34,124,456,94,44,114,330,89,387,42
423,316,421,10,118,15,303,164,92,177
101,452,473,40,285,165,61,260,268,435
328,207,97,175,370,31,288,91,353,5
59,340,7,179,321,196,139,266,338,386
264,55,290,327,405,471,171,363,324,184
150,378,142,380,280,87,358,479,54,265
241,270,441,84,149,282,106,385,315,371
281,416,326,430,103,77,242,76,195,391
459,400,334,448,464,9,48,477,222,375
253,4,249,45,440,417,19,66,148,398
296,395,245,313,470,197,478,47,362,11
399,206,394,52,275,22,397,307,451,198
161,174,247,345,374,304,231,403,13,427
211,147,99,79,212,393,41,208,234,26
210,467,289,240,157,95,239,410,204,308
379,25,20,255,237,201,136,224,361,407
454,444,85,8,434,128,219,183,181,259
302,43,63,215,102,306,172,168,248,112
419,392,238,221,366,33,439,96,117,320
178,160,283,146,377,372,205,293,158,390
21,138,192,365,135,73,188,344,18,354
384,220,331,51,258,356,426,6,189,337
223,332,463,329,108,431,115,50,129,262
368,349,227,460,17,351,294,182,317,346
74,449,57,82,411,422,480,466,218,180
200,323,62,291,261,325,257,339,347,311
286,120,277,80,109,78,12,310,81,130
263,187,359,104,155,111,465,447,267,37
58,147,31,295,241,361,352,399,142,249
227,38,198,158,192,270,33,452,384,197
439,239,95,133,281,68,23,275,89,12
19,273,422,211,72,97,182,90,345,240
119,276,56,401,43,344,32,22,339,342
261,131,112,381,410,265,218,4,169,5
418,210,191,85,400,35,75,321,214,163
364,9,84,386,320,202,217,412,477,135
194,53,48,102,222,16,7,311,144,360
11,47,76,336,183,268,162,372,293,348
166,474,185,88,301,6,157,87,379,104
355,471,146,409,28,357,396,117,92,175
8,260,150,187,294,181,152,193,149,235
264,208,445,1,406,209,417,36,298,25
248,353,383,213,27,50,267,184,343,262
94,154,282,160,397,358,318,126,74,325
101,118,116,461,108,223,272,323,451,106
389,340,382,77,204,338,24,290,49,236
110,139,404,230,232,307,54,99,315,380
292,448,51,289,98,414,125,155,456,244
424,324,374,115,250,329,312,429,459,356
127,279,86,363,159,440,370,462,20,453
332,34,168,376,203,226,444,215,288,334
354,305,465,255,434,277,189,291,55,447
394,73,385,365,256,196,316,438,443,52
437,330,105,407,304,153,296,138,308,164
415,263,234,100,297,243,170,285,441,476
67,91,328,371,220,124,231,179,66,449
351,466,246,128,377,458,30,425,326,378
367,430,310,46,247,136,373,14,454,460
188,35,185,15,218,156,417,134,40,105
111,233,172,445,390,175,475,404,202,173
224,145,413,257,142,311,32,429,259,330
278,19,334,198,352,267,399,289,448,123
236,129,127,253,184,293,71,141,8,395
88,244,230,113,7,371,226,373,10,56
470,116,245,14,58,284,258,292,444,197
402,392,242,328,196,219,12,401,423,316
180,382,2,190,273,412,387,137,80,135
384,6,339,277,23,246,157,317,405,149
446,115,85,455,132,144,11,377,325,165
69,16,367,315,46,59,94,210,396,305
279,261,262,102,87,237,374,169,189,183
114,166,386,364,200,124,335,268,25,82
112,146,428,440,38,28,271,296,403,206
418,474,232,297,117,397,13,346,306,270
51,341,151,298,104,290,294,171,177,84
285,73,366,456,178,304,357,323,450,21
33,409,152,70,120,170,332,168,283,326
300,422,398,437,365,263,414,276,221,288
479,239,355,90,313,97,320,17,140,24
36,433,181,379,260,264,53,424,439,77
380,66,176,394,234,303,287,344,240,205
281,67,96,213,356,351,250,148,225,430
174,95,223,338,222,216,461,72,467,353
452,329,393,302,265,372,331,255,457,389
362,447,336,465,79,441,369,314,186,309
103,256,464,154,391,217,299,360,381,449
30,41,421,431,400,118,327,182,57,383
164,155,153,220,451,432,161,415,93,468
78,349,150,375,53,208,419,334,165,102
260,26,231,245,156,291,66,187,81,216
100,133,94,58,480,48,458,153,192,177
266,460,152,39,240,242,239,126,70,351
314,303,111,304,195,33,97,269,337,89
101,432,247,10,456,217,49,166,179,361
73,388,193,1,358,11,169,319,184,423
389,124,320,65,205,24,85,79,296,149
164,69,416,40,338,284,9,67,341,285
377,41,324,369,173,47,219,204,405,17
62,163,355,75,61,331,348,213,290,461
241,473,264,176,265,467,246,288,228,431
447,145,301,224,411,422,479,90,34,136
238,23,287,175,382,391,86,233,140,155
159,258,267,410,119,202,313,462,262,199
25,404,229,312,270,222,450,333,417,122
55,329,3,250,186,237,45,443,406,297
158,197,168,218,59,38,13,364,196,30
235,132,469,468,161,178,413,407,307,379
344,278,464,60,16,190,327,268,305,253
396,448,394,323,171,162,2,254,421,263
454,354,415,118,400,374,243,167,426,210
148,206,141,251,401,309,209,99,457,453
318,92,373,430,286,424,68,476,444,335
332,88,477,316,402,28,125,360,397,203
211,109,342,44,380,147,280,255,127,359
226,308,347,50,452,378,37,143,56,105
27,295,271,63,376,425,315,107,227,117
96,367,289,259,412,5,277,387,326,363
43,207,221,449,32,115,244,414,472,459
195,396,111,43,100,221,11,451,85,96
349,310,264,379,319,252,172,90,320,302
418,209,199,117,156,434,59,87,258,408
25,98,158,64,456,33,80,206,128,164
109,3,347,73,143,196,287,478,474,380
202,182,414,292,272,217,394,239,191,49
469,403,193,183,416,362,328,441,171,460
294,386,384,444,27,400,116,351,192,21
373,75,458,120,454,296,324,316,350,262
363,103,127,67,112,210,62,26,214,360
140,63,466,314,22,178,88,326,84,240
237,138,45,322,317,429,17,180,265,281
422,307,194,477,155,187,108,18,243,139
223,42,376,149,369,387,38,235,169,266
34,415,185,208,241,124,200,413,468,32
345,259,170,367,430,248,348,336,24,260
211,148,118,122,236,461,390,181,421,459
341,344,114,297,115,197,213,472,480,77
419,411,133,283,427,279,174,385,121,168
162,446,4,246,470,179,218,338,9,397
375,198,364,253,305,10,359,251,383,479
105,146,151,76,323,463,166,15,81,50
315,207,442,271,372,389,374,20,99,104
184,113,44,388,391,215,276,289,426,219
107,39,410,190,401,228,304,313,311,333
234,453,433,254,163,274,409,173,12,432
102,141,167,92,318,110,55,286,431,232
476,370,331,250,357,329,152,398,293,261
457,95,366,2,309,330,201,36,288,188
325,56,449,462,8,119,278,231,89,47
374,49,372,409,103,42,269,180,230,246
201,194,215,200,50,99,407,247,70,310
280,47,342,254,202,139,422,129,283,341
349,307,44,259,219,127,48,149,67,444
267,172,148,443,18,227,80,115,22,173
295,371,286,159,150,211,248,168,40,370
294,60,146,170,147,245,142,106,439,182
73,471,98,365,251,90,160,185,224,268
130,167,16,153,162,328,353,161,117,38
274,316,402,408,381,404,467,88,135,76
24,7,454,266,203,354,175,193,166,472
476,121,340,181,81,369,389,144,126,261
238,122,240,17,177,72,375,447,111,277
188,244,386,74,290,291,273,43,379,318
241,350,65,395,252,124,178,134,176,455
15,165,34,322,394,86,419,63,196,265
464,315,79,242,239,143,465,64,480,330
31,54,158,6,131,226,426,302,235,11
19,282,51,208,356,362,346,163,412,220
233,434,39,37,377,326,303,276,105,108
313,284,26,218,110,190,344,120,391,387
460,425,406,382,319,415,75,296,329,192
478,157,275,191,320,308,348,198,133,317
373,137,359,171,398,304,207,71,432,345
87,41,82,323,287,152,59,357,314,279
301,155,347,448,333,140,311,458,256,237
352,214,23,383,52,234,334,343,195,380
32,199,206,164,258,197,112,104,463,442
411,438,92,27,390,396,466,339,231,33
305,222,69,145,249,358,56,28,384,416
112,86,227,58,244,210,128,310,396,12
420,9,332,219,209,245,403,446,93,5
129,121,87,264,110,188,4,389,101,225
258,304,162,448,355,426,283,437,88,83
78,391,165,191,329,107,480,251,292,55
347,294,126,179,221,217,442,452,43,117
145,278,95,178,98,419,359,183,337,124
255,331,254,163,343,2,440,63,139,62
290,174,50,409,334,113,238,226,133,157
417,296,308,131,346,477,108,313,288,282
181,134,13,395,350,170,53,81,1,59
326,223,84,372,105,382,218,185,148,111
422,103,118,410,356,169,57,434,46,171
149,206,39,208,305,289,328,79,458,301
7,189,85,8,140,184,369,73,435,318
248,378,236,274,65,33,119,268,68,414
38,195,398,449,454,306,286,262,116,363
143,368,56,267,479,317,384,48,247,467
299,315,91,351,327,207,228,330,96,257
407,323,72,147,357,231,102,76,303,298
136,445,94,196,462,297,235,365,464,281
324,100,138,167,24,51,270,321,192,277
260,450,404,75,336,200,71,473,461,201
457,460,383,214,193,269,478,222,476,120
441,67,340,142,338,469,74,220,152,173
261,425,212,345,352,320,341,36,344,70
386,455,325,127,291,205,431,14,424,309
160,311,155,97,158,22,40,400,428,190
362,242,401,392,80,342,348,280,266,115
433,415,285,279,418,354,388,135,408,187
92,187,316,175,186,422,49,306,281,28
411,475,282,270,39,452,279,199,181,177
248,100,143,75,115,415,176,350,337,438
427,374,157,228,69,27,205,324,375,365
326,258,294,126,185,52,43,285,53,148
440,404,184,82,133,146,311,349,73,58
168,341,26,406,130,408,198,101,445,110
173,215,172,358,214,297,34,391,209,381
389,93,470,197,155,383,293,229,79,329
303,272,76,48,78,235,123,21,448,318
98,418,425,421,295,220,429,469,288,280
357,361,479,378,275,382,80,256,219,153
364,397,15,7,67,135,424,462,332,56
254,321,310,211,464,88,23,96,347,221
370,392,330,366,356,402,289,232,401,290
385,154,35,302,335,193,5,269,201,399
338,32,50,81,322,317,333,208,461,183
250,54,236,319,476,313,362,355,224,257
194,284,190,242,387,394,434,57,145,99
238,323,271,65,111,86,253,343,263,6
300,14,274,277,9,339,299,40,449,398
477,465,359,112,33,163,160,63,19,314
241,320,352,246,8,312,345,260,371,233
107,403,47,283,191,447,363,340,393,116
223,459,51,265,106,420,90,169,278,473
450,454,212,268,436,152,291,396,141,22
309,414,164,55,59,89,30,251,74,204
413,367,11,85,435,368,307,327,286,192
466,161,472,171,128,180,113,20,202,474
151,121,237,200,77,416,351,156,304,346
72,374,144,167,246,423,445,276,480,239
65,479,132,290,428,407,408,110,195,108
291,86,169,182,113,84,33,121,138,153
180,225,58,123,49,305,245,387,214,455
460,185,295,310,114,230,314,238,133,59
368,117,162,282,262,206,318,135,343,176
287,166,452,126,268,400,351,441,141,93
145,179,360,120,52,371,331,355,171,55
304,211,251,223,140,317,431,473,363,79
148,283,326,345,332,470,300,60,247,159
475,373,188,10,156,288,256,205,348,137
194,257,98,11,299,357,201,134,4,191
286,39,161,157,472,233,444,243,440,297
442,22,405,73,458,261,200,252,184,78
397,289,66,186,329,342,433,87,208,177
158,296,89,193,265,313,26,322,474,222
429,136,298,5,77,384,46,14,36,236
277,101,365,34,20,253,456,104,219,119
341,285,415,334,147,325,212,392,369,469
450,340,320,129,395,28,74,419,446,30
386,42,258,301,88,37,175,16,196,367
316,436,189,372,281,112,430,344,106,172
459,267,209,439,385,264,389,234,122,263
213,309,420,312,35,464,402,241,354,379
168,235,292,303,396,149,271,146,463,124
409,330,224,451,2,350,278,1,412,152
416,335,453,390,95,8,130,192,23,7
336,270,393,170,260,273,54,353,327,24
410,229,398,142,187,96,139,338,432,198
250,435,118,13,237,226,128,465,75,12
408,264,78,286,106,319,152,269,238,125
107,27,284,83,317,67,224,117,166,77
384,123,422,24,42,271,318,19,236,105
147,218,352,405,445,266,365,304,308,288
34,126,38,178,124,189,420,219,372,402
66,331,144,119,250,208,190,185,132,267
9,368,232,476,204,254,12,158,169,425
390,457,424,141,192,191,360,292,281,160
6,330,244,432,214,259,153,378,386,179
135,444,279,258,316,207,201,100,230,183
130,355,229,71,329,36,181,243,76,335
253,194,443,37,8,388,282,464,176,277
358,293,54,307,381,155,103,98,382,174
332,326,162,377,311,81,350,80,86,35
463,73,122,203,280,356,456,357,364,440
184,233,455,14,197,278,206,446,263,109
157,417,43,361,406,294,246,392,116,104
173,221,140,394,59,48,115,477,16,52
102,466,437,196,354,396,199,10,195,480
163,436,62,416,370,57,213,397,110,39
421,33,359,423,4,469,276,336,367,479
467,399,193,371,127,324,198,55,1,209
79,249,15,328,389,234,289,216,63,31
459,11,428,252,53,295,272,435,333,96
471,391,18,297,312,23,245,343,462,347
478,404,451,431,222,261,114,270,275,429
172,212,411,60,165,148,113,453,348,301
342,69,220,458,200,434,156,454,268,82
393,302,468,22,56,314,177,273,225,170
385,337,322,235,70,17,376,414,310,415
80,159,423,322,282,254,260,406,93,78
8,5,212,176,325,409,233,111,60,353
51,385,183,318,37,221,280,185,232,81
295,160,204,192,452,55,62,290,278,478
181,468,307,264,350,121,167,434,156,474
391,97,170,288,331,287,137,372,429,75
65,235,209,430,373,143,58,324,432,222
402,297,224,153,476,301,21,253,169,310
31,362,172,381,327,148,165,335,139,43
267,112,436,247,317,135,261,334,443,378
326,171,194,420,234,138,437,46,462,113
238,302,252,246,236,473,313,314,1,164
155,96,461,471,76,152,227,188,9,281
220,442,125,368,12,421,114,193,163,343
328,219,374,216,256,380,351,383,103,218
270,455,364,101,401,306,319,392,400,66
475,388,215,22,360,25,358,271,412,299
370,415,205,67,82,460,344,150,149,277
426,330,27,94,276,292,64,268,146,428
369,329,396,6,98,130,110,419,433,241
407,450,213,184,296,59,323,464,158,367
4,14,266,382,79,16,180,231,199,23
275,289,145,102,186,72,376,177,35,88
71,309,249,457,269,477,13,356,375,182
397,108,341,440,144,424,92,89,105,404
230,195,90,379,418,244,395,446,86,237
456,30,56,263,41,100,15,122,467,49
293,479,357,223,196,211,63,173,47,52
399,208,308,321,116,40,217,258,444,336
7,393,179,251,207,448,398,332,413,229
109,403,194,41,137,322,464,451,227,307
198,71,387,423,2,335,113,380,110,232
52,265,186,205,384,339,8,45,438,13
72,63,158,105,67,367,15,306,185,301
159,273,39,1,356,452,7,73,318,11
449,112,328,470,141,379,61,199,187,146
102,329,286,131,107,128,269,184,54,248
260,350,46,196,47,161,48,150,471,354
85,51,311,446,38,171,176,60,20,239
19,427,463,157,12,309,180,308,177,228
294,346,370,129,201,395,473,388,162,454
16,50,210,272,123,95,4,252,404,36
238,84,428,241,310,417,421,331,398,202
121,240,383,258,305,216,376,32,31,74
183,419,396,56,250,343,175,53,218,149
152,459,467,219,174,9,319,280,315,261
366,475,163,236,282,278,472,247,192,108
373,18,76,10,155,116,165,429,33,340
399,251,406,153,341,30,391,348,303,256
203,408,151,327,178,140,111,195,40,59
355,425,415,447,17,143,99,474,283,285
371,29,407,124,78,267,77,334,445,96
168,345,436,122,88,169,276,385,249,290
372,14,332,213,275,296,476,418,411,246
173,98,397,363,117,457,349,86,91,170
409,237,336,106,83,271,402,456,132,118
89,359,211,270,400,424,439,378,262,412
255,284,431,244,164,6,26,65,254,448
316,104,432,461,136,79,28,125,221,220
234,441,433,437,382,304,312,148,145,80
299,20,29,169,361,365,355,4,69,281
144,359,168,189,52,257,170,374,421,193
455,269,111,172,225,13,268,238,166,341
308,126,42,213,102,464,87,471,76,284
164,187,468,40,252,77,373,409,47,48
161,146,260,241,444,235,177,82,364,227
462,64,12,152,202,15,162,188,296,174
366,320,91,314,413,163,118,282,286,339
256,293,295,351,395,291,389,427,328,340
321,347,55,237,192,216,335,81,402,78
221,391,150,276,475,41,113,84,37,277
209,30,415,6,265,194,171,26,459,403
438,267,145,326,61,245,223,448,253,7
338,114,449,356,382,68,130,280,17,173
229,190,28,343,176,183,405,431,250,160
349,208,312,197,442,274,345,279,463,461
414,319,99,254,480,383,25,412,411,325
11,446,148,303,98,201,422,46,354,424
380,408,429,447,218,141,469,377,44,89
143,435,131,165,104,156,287,430,129,204
36,258,467,86,473,206,425,313,211,228
246,97,65,337,370,259,39,263,348,333
472,85,83,394,399,115,95,479,35,450
371,178,376,311,205,212,182,207,388,181
51,465,358,135,329,14,251,316,289,138
80,381,398,106,375,392,417,120,136,306
157,88,387,158,426,270,407,262,232,432
186,239,215,318,154,437,322,367,477,434
406,185,121,292,32,433,75,226,317,59
350,272,73,175,248,324,315,233,410,240
79,73,466,322,180,54,377,199,368,317
50,207,62,7,299,138,447,211,458,103
105,101,364,197,102,248,13,355,132,262
359,172,164,415,72,408,74,274,69,309
250,215,268,440,423,184,127,349,413,114
311,56,353,58,292,195,291,259,399,111
112,434,193,230,156,157,452,89,30,476
49,461,457,110,22,463,414,4,267,216
183,170,455,83,382,341,169,281,403,304
379,409,348,185,158,93,335,166,16,160
200,213,141,94,344,223,162,202,118,313
9,405,467,418,249,459,125,66,473,36
471,95,351,469,67,454,24,181,334,397
2,150,31,15,391,148,32,378,480,443
113,385,239,145,48,435,264,396,238,320
186,144,129,253,407,57,245,126,217,143
241,376,192,363,88,90,235,137,98,46
45,370,283,149,19,468,131,189,251,44
182,10,242,78,171,218,155,237,428,325
109,38,431,326,474,65,411,287,244,17
453,12,282,14,273,475,122,375,206,21
256,289,265,254,40,26,194,429,321,323
450,203,383,152,177,465,107,303,3,123
324,436,232,402,142,445,386,119,312,146
398,425,358,288,373,128,297,293,86,228
96,277,219,18,279,167,76,362,212,51
460,260,410,290,419,116,229,82,124,462
369,77,227,395,380,330,372,173,29,1
332,424,294,356,11,394,327,136,427,61
314,85,329,464,97,310,417,39,426,224
